[8,5,10,null,6,null,12,null,7]
[8,5,12,1,7,10]
[8,5,10,1,7,null,12]
[8,5,null,1,7,null,null,null,10,null,12]
[1,null,2,null,3,null,4,null,5,null,6,null,7,null,8]
[4,2,1,3,7,5,6,8]
[5,3,7,2,4,6,8,1]
[1,null,2,null,3,null,4,null,5,null,6,null,7,null,8]
[1,2,3,4,5]
[1,2]
[1,2,3,null,5]
[3,9,20,null,null,15,7]
[1,2]
[5,4,8,11,null,13,4,7,2,null,null,null,1]
[1,2,2,3,4,4,3]
[1,2,2,3,3,3,3,4,4,4,4,4,4,null,null,5,5]
[1,2,null,3,null,4,null,5]
[1,3,2,5]
[2,1,3,null,4,null,7]
[90,69,null,49,89,null,52,null,null,null,null]
[3,5,1,6,2,9,8,null,null,7,4]
[3,5,1,6,7,4,2,null,null,null,null,null,null,9,8]
[1,2,3,5,6]
[1,2,3,4,5,null,7]
[1,2,3,4,5,6]
[1,2,3,4,5,6,7,8,9,10,11,12,13,null,null,15]
[1,null,2,2]
[4,-7,-3,null,null,-9,-3,9,-7,-4,null,6,null,-6,-6,null,null,0,6,5,null,9,null,null,-1,-4,null,null,null,-2]
[1,1]
[1]
[4,1,7,0,3,null,null,null,null,2]
[]
[4,1,1,2,null,null,6,3,1,3,3,3,4,5,6,2,1,1,2,3,4,5,6,1,2,3,4,6,7,8,9,1,1,11,11,15]
[4,2,6,3,1,3,3,3,4,5,6,2,1,1,2,3,4,5,6,1,2,3,4,6,7,8,9,1,1,11,11,15]